ntop	max_overlap	p_max	max2_overlap	p_max2
50	0	1.0000000000231666	0	1.0000000000231666
100	0	0.9999999999875467	0	0.9999999999875467
150	3	0.22992394453832057	3	0.22992394453832057
200	19	1.1309692688085939e-10	10	0.000757855996493734
250	52	2.368492676683218e-40	21	6.916173582318666e-09
300	80	1.860337674956903e-65	30	4.14485633008059e-12
350	106	8.611945976899951e-87	39	9.055304306785268e-15
400	137	1.0061118203570529e-113	44	3.3127291215760635e-14
450	163	2.284385958501927e-132	57	1.2199368938037362e-18
500	183	1.876470405081602e-141	64	1.0971136033066408e-18
